Mem:       32710440    12897720    13071160     2112444     6741560    17234096
Mem:       32710440    12897720    13071160     2112444     6741560    17234096
Mem:       32710440    12877464    13096808     2106620     6736168    17260176
Mem:       32710440    12951360    13023588     2106300     6735492    17186600
Mem:       32710440    12967804    13007412     2106300     6735224    17170156
Mem:       32710440    13007588    12967628     2106300     6735224    17130372
Mem:       32710440    13012296    12962912     2106300     6735232    17125664
Mem:       32710440    13259208    12715996     2106300     6735236    16878752
Mem:       32710440    13046992    12928212     2106300     6735236    17090968
Mem:       32710440    13046888    12928316     2106300     6735236    17091072
